10
9
7
18
17
9
9
16
21
7
9
18
7
0
6
16
20
1
10
9
20
22
20
10
1
24
10
18
5
20
9
5
20
7
16
21
20
12
24
20
11
9
5
17
9
7
11
20
9
4
20
11
7
5
16
14
20
7
18
11
1
20
20
11
4
16
3
24
11
12
1
1
4
9
22
5
24
1
10
24
22
4
7
7
19
14
7
10
4
7
7
16
11
9
14
16
20
20
1
23
14
1
7
11
16
1
14
24
5
10
14
14
14
0
16
24
8
14
18
4
14
9
1
14
16
14
20
14
11
9
9
7
1
10
3
14
8
0
10
10
17
12
8
1
1
4
20
1
22
16
10
14
14
9
20
14
8
24
20
20
7
11
5
10
20
7
11
20
8
11
14
14
1
1
7
14
12
11
10
14
20
9
20
20
11
11
17
1
12
3
8
1
14
10
1
20
9
14
13
14
22
10
20
10
1
14
20
20
15
5
14
10
1
20
0
20
17
17
0
11
14
9
20
11
7
10
22
17
24
7
16
10
14
17
14
14
3
1
20
18
4
11
5
14
14
20
16
10
20
16
7
11
14
7
10
1
17
10
16
20
9
20
8
18
15
14
21
9
7
12
20
1
20
14
14
17
16
10
5
20
10
1
10
1
14
23
14
20
1
8
24
5
16
10
7
14
1
10
15
18
20
17
11
14
7
21
20
9
1
11
8
9
1
14
11
14
17
14
17
5
13
14
22
8
10
14
10
13
9
5
10
1
17
5
10
8
14
9
1
20
5
5
12
10
20
24
5
6
5
10
20
10
20
10
11
10
20
21
7
10
9
1
11
17
17
9
10
11
9
5
11
3
20
20
18
24
17
11
9
1
7
20
14
18
1
14
8
11
15
9
12
10
11
7
22
10
20
23
5
8
20
9
18
20
2
14
4
15
6
2
9
11
20
17
9
1
16
14
1
4
10
24
10
20
1
13
20
24
10
17
1
10
5
0
14
14
22
10
18
10
1
20
17
1
14
5
11
12
5
14
23
1
11
22
3
7
12
14
5
9
12
10
14
5
7
14
1
10
5
20
5
10
18
10
14
6
10
10
11
7
10
20
7
14
1
20
21
10
7
20
8
9
8
14
12
14
10
17
23
10
5
11
14
5
11
9
