7
18
18
16
7
14
8
17
7
18
7
11
18
18
7
11
7
4
5
18
18
18
18
18
21
8
14
19
18
21
18
21
7
7
16
18
18
7
18
10
14
18
8
18
18
8
7
8
14
18
18
7
18
22
18
7
8
18
18
7
7
7
7
7
8
11
7
14
7
9
14
18
18
14
18
16
8
22
21
18
10
21
14
14
7
8
18
14
18
8
18
18
8
18
18
18
16
7
7
19
5
21
17
11
3
11
3
8
0
18
18
17
16
14
1
17
17
21
10
24
5
16
14
8
8
17
10
3
13
21
18
21
7
10
21
11
11
11
16
21
11
20
16
18
7
1
16
14
16
21
3
8
21
18
3
21
8
13
14
21
21
21
16
10
21
13
13
7
17
14
7
7
15
13
8
16
16
16
16
10
18
14
18
16
18
11
1
7
21
18
1
11
14
16
17
18
10
20
10
14
16
1
11
21
4
19
14
17
14
16
14
5
4
10
14
1
5
12
12
14
14
13
20
14
14
10
7
14
7
14
10
5
21
21
21
20
9
2
8
13
9
8
7
8
11
21
7
9
14
18
11
11
21
21
7
7
21
20
12
7
24
16
21
21
9
14
16
7
10
18
2
21
7
13
7
17
9
14
16
2
16
9
18
17
9
11
21
17
10
9
7
17
11
7
17
5
1
15
14
10
18
14
16
14
18
21
8
14
1
12
21
21
7
10
15
11
7
11
18
14
4
16
14
20
8
11
1
19
10
17
19
7
9
19
18
17
7
7
3
8
14
14
8
18
14
14
5
4
21
21
17
17
11
17
1
1
13
21
13
21
21
18
0
14
11
11
9
20
19
21
18
16
14
10
16
7
2
16
8
10
10
8
14
4
10
10
11
21
8
8
14
14
7
21
5
1
9
20
10
21
18
14
3
14
1
3
10
8
12
18
16
13
10
8
8
14
1
8
7
21
10
18
21
22
4
14
14
21
4
11
16
21
21
1
8
14
10
2
10
4
5
11
9
18
1
14
21
8
21
7
11
0
16
21
1
1
21
22
10
7
22
18
8
16
8
22
21
13
7
11
21
5
13
18
21
21
14
7
21
11
8
19
14
9
16
2
17
14
10
14
11
9
14
14
18
21
10
16
9
10
16
14
22
14
8
11
4
21
8
21
14
14
14
8
21
8
18
17
18
10
1
18
18
14
17
10
17
16
17
16
10
11
21
20
9
7
18
8
10
10
10
16
20
9
10
21
21
18
17
11
12
8
16
7
10
19
12
10
18
22
1
16
21
22
14
8
18
17
4
7
10
9
17
18
8
1
14
7
10
1
23
18
21
21
12
9
18
18
10
16
7
16
8
